brim_points_format_version=0
object_id=1|-6.000100 -0.747217 -19.118181 4.000000 -6.000100 -3.242189 -17.631130 4.000000 -6.000100 -5.426311 -112.819008 4.000000 -6.000100 48.257423 -112.819016 4.000000 -6.000100 -40.055012 125.574394 4.000000 -6.000100 -39.931786 127.604958 4.000000
